Atoms

1 1 2.454250 11.149840 1.188030
2 1 6.555260 4.045970 1.187760
3 1 1.421280 3.655330 1.187220
4 1 5.522290 10.759210 1.186950
5 1 0.225570 6.507290 1.188220
6 1 4.326580 13.611170 1.187940
7 1 2.454060 3.057910 4.155850
8 1 6.555070 10.161780 4.155580
9 1 1.421080 10.552420 4.155030
10 1 5.522090 3.448550 4.154760
11 1 0.225370 7.700460 4.156030
12 1 4.326380 0.596590 4.155760
13 1 7.880440 1.798220 2.867820
14 1 3.779430 8.902100 2.868090
15 1 1.715530 0.619530 5.836240
16 1 5.816540 7.723400 5.835970
17 1 2.706130 8.280870 5.836360
18 1 6.807140 1.176990 5.836090
19 1 3.779240 5.305650 5.835900
20 1 7.880250 12.409530 5.835630
21 1 1.715730 13.588230 2.868430
22 1 5.816740 6.484350 2.868160
23 1 2.706330 5.926890 2.868550
24 1 6.807340 13.030760 2.868280
25 2 4.100590 7.103120 5.839730
26 2 8.201600 14.206990 5.839460
27 2 8.201800 0.000760 2.871650
28 2 4.100790 7.104640 2.871920
29 2 8.201690 9.471620 3.911900
30 2 4.100690 2.367740 3.912170
31 2 8.201890 4.736140 0.944090
32 2 4.100880 11.840010 0.944360
33 2 5.335980 9.888330 2.794250
34 2 1.234970 2.784450 2.794520
35 2 1.789400 11.747300 2.795060
36 2 5.890410 4.643420 2.794790
37 2 1.075130 6.783250 2.795950
38 2 5.176140 13.887130 2.795680
39 2 1.234780 11.423300 5.762330
40 2 5.335790 4.319420 5.762060
41 2 1.789200 2.460450 5.762870
42 2 5.890210 9.564330 5.762600
43 2 1.074940 7.424500 5.763760
44 2 5.175940 0.320630 5.763490
45 2 6.673340 7.007690 1.338680
46 2 2.572330 14.111560 1.338950
47 2 2.897260 9.380140 1.338820
48 2 6.998270 2.276270 1.338550
49 2 2.732820 4.922540 1.338630
50 2 6.833830 12.026410 1.338360
51 2 2.572140 0.096190 4.306770
52 2 6.673140 7.200070 4.306490
53 2 2.897060 4.827610 4.306640
54 2 6.998070 11.931490 4.306360
55 2 2.732620 9.285220 4.306440
56 2 6.833630 2.181340 4.306170
