### Parameters m gamma lambda3 c d h n beta lambda2 B R D lambda1 A
# # # Element:Si  : 3.0 1.0 0.0 100390  16.217    -0.59825  0.78734    0.0000011    1.7322    471.18     2.65    0.15    2.4799      1830.8
Si  Si  Si  3.00 1.00 0.0000 1.0039e+05 1.6217e+01  -5.9825e-01  0.787 1.1000e-06   1.7322 4.7118e+02  2.6500   0.1500  2.4799 1.8308e+03
Si  Si  C 3.00 1.00 0.0000 1.0039e+05 1.6217e+01  -5.9825e-01  0.787 1.1000e-06   1.7322 4.7118e+02  2.6500   0.1500  2.4799 1.8308e+03
Si  Si  O 3.00 1.00 0.0000 1.0039e+05 1.6217e+01  -5.9825e-01  0.787 1.1000e-06   1.7322 4.7118e+02  2.6500   0.1500  2.4799 1.8308e+03
Si  C Si  3.00 1.00 0.0000 1.0039e+05 1.6217e+01  -5.9825e-01  0.787 1.1000e-06   1.9720 4.5012e+02  2.2731   0.1518  2.9839 1.5973e+03
Si  C C 3.00 1.00 0.0000 1.0039e+05 1.6217e+01  -5.9825e-01  0.787 1.1000e-06   1.9720 4.5012e+02  2.2731   0.1518  2.9839 1.5973e+03
Si  C O 3.00 1.00 0.0000 1.0039e+05 1.6217e+01  -5.9825e-01  0.787 1.1000e-06   1.9720 4.5012e+02  2.2731   0.1518  2.9839 1.5973e+03
Si  O Si  3.00 1.00 0.0000 1.0039e+05 1.6217e+01  -5.9825e-01  0.787 1.1000e-06   2.0446 3.2107e+02  2.2140   0.1524  3.3255 1.8565e+03
Si  O C 3.00 1.00 0.0000 1.0039e+05 1.6217e+01  -5.9825e-01  0.787 1.1000e-06   2.0446 3.2107e+02  2.2140   0.1524  3.3255 1.8565e+03
Si  O O 3.00 1.00 0.0000 1.0039e+05 1.6217e+01  -5.9825e-01  0.787 1.1000e-06   2.0446 3.2107e+02  2.2140   0.1524  3.3255 1.8565e+03
# # # Element:C : 3.0 1.0 0.0 38049   4.3484  -0.57058   0.72751     0.00000015724   2.2119  430   1.95 0.15  3.4879  1393.6 
C Si  Si  3.00 1.00 0.0000 3.8049e+04 4.3484e+00  -5.7058e-01  0.728 1.5724e-07   1.9720 4.5012e+02  2.2731   0.1518  2.9839 1.5973e+03
C Si  C 3.00 1.00 0.0000 3.8049e+04 4.3484e+00  -5.7058e-01  0.728 1.5724e-07   1.9720 4.5012e+02  2.2731   0.1518  2.9839 1.5973e+03
C Si  O 3.00 1.00 0.0000 3.8049e+04 4.3484e+00  -5.7058e-01  0.728 1.5724e-07   1.9720 4.5012e+02  2.2731   0.1518  2.9839 1.5973e+03
C C Si  3.00 1.00 0.0000 3.8049e+04 4.3484e+00  -5.7058e-01  0.728 1.5724e-07   2.2119 4.3000e+02  1.9500   0.1500  3.4879 1.3936e+03
C C C 3.00 1.00 0.0000 3.8049e+04 4.3484e+00  -5.7058e-01  0.728 1.5724e-07   2.2119 4.3000e+02  1.9500   0.1500  3.4879 1.3936e+03
C C O 3.00 1.00 0.0000 3.8049e+04 4.3484e+00  -5.7058e-01  0.728 1.5724e-07   2.2119 4.3000e+02  1.9500   0.1500  3.4879 1.3936e+03
C O Si  3.00 1.00 0.0000 3.8049e+04 4.3484e+00  -5.7058e-01  0.728 1.5724e-07   2.2844 3.0672e+02  1.8993   0.1501  3.8295 1.6197e+03
C O C 3.00 1.00 0.0000 3.8049e+04 4.3484e+00  -5.7058e-01  0.728 1.5724e-07   2.2844 3.0672e+02  1.8993   0.1501  3.8295 1.6197e+03
C O O 3.00 1.00 0.0000 3.8049e+04 4.3484e+00  -5.7058e-01  0.728 1.5724e-07   2.2844 3.0672e+02  1.8993   0.1501  3.8295 1.6197e+03
# # # Element:O : 3.0 1.0 0.0 64692.1  4.11127  -0.845922 1.04968    0.00000011632 2.35692   218.787    1.85    0.15    4.17108    1882.55
O Si  Si  3.00 1.00 0.0000 6.4692e+04 4.1113e+00  -8.4592e-01  1.050 1.1632e-07   2.0446 3.2107e+02  2.2140   0.1524  3.3255 1.8565e+03
O Si  C 3.00 1.00 0.0000 6.4692e+04 4.1113e+00  -8.4592e-01  1.050 1.1632e-07   2.0446 3.2107e+02  2.2140   0.1524  3.3255 1.8565e+03
O Si  O 3.00 1.00 0.0000 6.4692e+04 4.1113e+00  -8.4592e-01  1.050 1.1632e-07   2.0446 3.2107e+02  2.2140   0.1524  3.3255 1.8565e+03
O C Si  3.00 1.00 0.0000 6.4692e+04 4.1113e+00  -8.4592e-01  1.050 1.1632e-07   2.2844 3.0672e+02  1.8993   0.1501  3.8295 1.6197e+03
O C C 3.00 1.00 0.0000 6.4692e+04 4.1113e+00  -8.4592e-01  1.050 1.1632e-07   2.2844 3.0672e+02  1.8993   0.1501  3.8295 1.6197e+03
O C O 3.00 1.00 0.0000 6.4692e+04 4.1113e+00  -8.4592e-01  1.050 1.1632e-07   2.2844 3.0672e+02  1.8993   0.1501  3.8295 1.6197e+03
O O Si  3.00 1.00 0.0000 6.4692e+04 4.1113e+00  -8.4592e-01  1.050 1.1632e-07   2.3569 2.1879e+02  1.8500   0.1500  4.1711 1.8825e+03
O O C 3.00 1.00 0.0000 6.4692e+04 4.1113e+00  -8.4592e-01  1.050 1.1632e-07   2.3569 2.1879e+02  1.8500   0.1500  4.1711 1.8825e+03
O O O 3.00 1.00 0.0000 6.4692e+04 4.1113e+00  -8.4592e-01  1.050 1.1632e-07   2.3569 2.1879e+02  1.8500   0.1500  4.1711 1.8825e+03
